
 First-fixation landing-site distributions:
  1-letter:  0.46 0.54
  2-letter:  0.30 0.26 0.44
  3-letter:  0.20 0.20 0.30 0.30
  4-letter:  0.13 0.12 0.22 0.30 0.24
  5-letter:  0.07 0.08 0.22 0.24 0.24 0.15
  6-letter:  0.11 0.10 0.12 0.21 0.28 0.13 0.04
  7-letter:  0.11 0.10 0.12 0.16 0.24 0.14 0.08 0.04
  8-letter:  0.11 0.05 0.08 0.14 0.25 0.16 0.11 0.04 0.08
  9-letter:  0.03 0.04 0.06 0.14 0.19 0.27 0.17 0.07 0.02 0.01
 10-letter:  0.13 0.07 0.11 0.07 0.17 0.17 0.18 0.11 0.00 0.00 0.00
 11-letter:  0.03 0.11 0.07 0.04 0.14 0.13 0.23 0.13 0.07 0.04 0.00 0.00
 12-letter:  0.11 0.00 0.00 0.00 0.00 0.10 0.28 0.06 0.06 0.00 0.00 0.00 0.40
 13-letter:  0.00 0.00 0.00 0.00 0.00 0.00 0.00 0.00 0.00 0.00 0.00 0.00 0.00 0.00
 14-letter:  0.00 0.00 0.00 0.00 0.00 0.00 0.00 0.00 0.00 0.00 0.00 0.00 0.00 0.00 0.00
 15-letter:  0.00 0.00 0.00 0.00 0.00 0.00 0.00 0.00 0.00 0.00 0.00 0.00 0.00 0.00 0.00 0.00
 16-letter:  0.00 0.00 0.00 0.00 0.00 0.00 0.00 0.00 0.00 0.00 0.00 0.00 0.00 0.00 0.00 0.00 0.00
 17-letter:  0.00 0.00 0.00 0.00 0.00 0.00 0.00 0.00 0.00 0.00 0.00 0.00 0.00 0.00 0.00 0.00 0.00 0.00
 18-letter:  0.00 0.00 0.00 0.00 0.00 0.00 0.00 0.00 0.00 0.00 0.00 0.00 0.00 0.00 0.00 0.00 0.00 0.00 0.00
 19-letter:  0.00 0.00 0.00 0.00 0.00 0.00 0.00 0.00 0.00 0.00 0.00 0.00 0.00 0.00 0.00 0.00 0.00 0.00 0.00 0.00


 Refixation probability distributions:
  1-letter:  0.00 0.00
  2-letter:  0.00 0.00 0.00
  3-letter:  0.03 0.02 0.00 0.04
  4-letter:  0.08 0.05 0.01 0.00 0.03
  5-letter:  0.22 0.08 0.04 0.03 0.09 0.13
  6-letter:  0.28 0.19 0.10 0.00 0.02 0.11 0.13
  7-letter:  0.31 0.27 0.20 0.10 0.07 0.17 0.11 0.08
  8-letter:  0.29 0.22 0.14 0.27 0.11 0.01 0.15 0.08 0.02
  9-letter:  0.13 0.27 0.24 0.36 0.11 0.02 0.18 0.07 0.10 0.00
 10-letter:  0.22 0.50 0.17 0.50 0.39 0.00 0.09 0.00 0.00 0.00 0.00
 11-letter:  0.33 0.17 0.33 0.00 0.17 0.08 0.00 0.33 0.00 0.00 0.00 0.00
 12-letter:  0.25 0.00 0.00 0.00 0.00 0.00 0.10 0.00 0.00 0.00 0.00 0.00 0.00
 13-letter:  0.00 0.00 0.00 0.00 0.00 0.00 0.00 0.00 0.00 0.00 0.00 0.00 0.00 0.00
 14-letter:  0.00 0.00 0.00 0.00 0.00 0.00 0.00 0.00 0.00 0.00 0.00 0.00 0.00 0.00 0.00
 15-letter:  0.00 0.00 0.00 0.00 0.00 0.00 0.00 0.00 0.00 0.00 0.00 0.00 0.00 0.00 0.00 0.00
 16-letter:  0.00 0.00 0.00 0.00 0.00 0.00 0.00 0.00 0.00 0.00 0.00 0.00 0.00 0.00 0.00 0.00 0.00
 17-letter:  0.00 0.00 0.00 0.00 0.00 0.00 0.00 0.00 0.00 0.00 0.00 0.00 0.00 0.00 0.00 0.00 0.00 0.00
 18-letter:  0.00 0.00 0.00 0.00 0.00 0.00 0.00 0.00 0.00 0.00 0.00 0.00 0.00 0.00 0.00 0.00 0.00 0.00 0.00
 19-letter:  0.00 0.00 0.00 0.00 0.00 0.00 0.00 0.00 0.00 0.00 0.00 0.00 0.00 0.00 0.00 0.00 0.00 0.00 0.00 0.00


 IOVP distributions:
  1-letter:   232  230
  2-letter:   218  219  214
  3-letter:   204  230  216  209
  4-letter:   213  225  239  229  221
  5-letter:   161  250  235  255  246  245
  6-letter:   174  265  270  260  253  257  218
  7-letter:   200  238  277  259  277  283  253  239
  8-letter:   205  114  285  250  293  280  267  254  162
  9-letter:   138  142  270  281  288  271  268  265  131  122
 10-letter:   221  171  195  409  310  321  305  313    0    0    0
 11-letter:     0  165    0  439  208  282  348  246  310  381    0    0
 12-letter:   227    0    0    0    0  348  298  272  273    0    0    0  141
 13-letter:     0    0    0    0    0    0    0    0    0    0    0    0    0    0
 14-letter:     0    0    0    0    0    0    0    0    0    0    0    0    0    0    0
 15-letter:     0    0    0    0    0    0    0    0    0    0    0    0    0    0    0    0
 16-letter:     0    0    0    0    0    0    0    0    0    0    0    0    0    0    0    0    0
 17-letter:     0    0    0    0    0    0    0    0    0    0    0    0    0    0    0    0    0    0
 18-letter:     0    0    0    0    0    0    0    0    0    0    0    0    0    0    0    0    0    0    0
 19-letter:     0    0    0    0    0    0    0    0    0    0    0    0    0    0    0    0    0    0    0    0