 Sentence  0
     1 0.00  6   0  4.0   7 Margie
   181 0.00  5   7 10.5  13 moved
  1789 0.20  4  13 16.0  18 into
  3036 0.25  3  18 20.5  22 her
  1635 0.65  3  22 24.5  26 new
    81 0.75  9  26 31.5  36 apartment *
  5372 0.00  2  36 38.0  39 at
 69974 0.60  3  39 41.5  43 the
   409 0.10  3  43 45.5  47 end
 36414 0.95  2  47 49.0  50 of
 69974 1.00  3  50 52.5  54 the
   134 0.10  7  54 58.5  62 summer.
 Sentence  1
 69974 0.00  3   0  2.5   4 The
    92 0.00  9   4  9.5  14 principal
    52 0.00 10  14 20.0  25 introduced
 69974 0.80  3  25 27.5  29 the
  1635 0.35  3  29 31.5  33 new
   382 0.00  9  33 38.5  43 president *
 36414 0.55  2  43 45.0  46 of
 69974 1.00  3  46 48.5  50 the
    75 0.00  6  50 54.0  57 junior
   207 0.70  6  57 61.0  64 class.
 Sentence  2
   108 0.00  4   0  3.0   5 None
 36414 0.90  2   5  7.0   8 of
 69974 0.90  3   8 10.5  12 the
   213 0.15  8  12 17.0  21 students *
   226 0.05  6  21 25.0  28 wanted
 26155 0.95  2  28 30.0  31 to
  3942 0.10  4  31 34.0  36 have
  3727 0.45  2  36 38.0  39 an
     1 0.45  4  39 42.0  44 exam
  1068 0.00  5  44 47.5  50 after
   126 0.00  6  50 54.0  57 Spring
    88 0.95  6  57 61.0  64 Break.
 Sentence  3
    83 0.00  4   0  3.0   5 Mark
   413 0.00  4   5  8.0  10 told
     1 0.00  5  10 13.5  16 Janet
 10593 0.80  4  16 19.0  21 that
  9547 0.60  2  21 23.0  24 he
  2715 0.10  5  24 27.5  30 would
   149 0.00  4  30 33.0  35 meet
  3036 0.95  3  35 37.5  39 her
  1068 0.20  5  39 42.5  45 after
    57 0.00  8  45 50.0  54 baseball *
    94 0.90  9  54 59.5  64 practice.
 Sentence  4
   143 0.00  4   0  3.0   5 Bill
    22 0.00 10   5 11.0  16 complained
 10593 0.30  4  16 19.0  21 that
 69974 0.20  3  21 23.5  25 the
    39 0.00  8  25 30.0  34 magazine *
    97 0.00  8  34 39.0  43 included
  2214 0.00  4  43 46.0  48 more
    10 0.40  4  48 51.0  53 adds
  1790 0.90  4  53 56.0  58 than
    31 0.75  9  58 63.5  68 articles.
 Sentence  5
 69974 0.00  3   0  2.5   4 The
    45 0.00  5   4  7.5  10 angry
  1207 0.40  3  10 12.5  14 man
   401 0.00  6  14 18.0  21 called
 69974 0.50  3  21 23.5  25 the
    40 0.00  7  25 29.5  33 senator *
 26155 0.15  2  33 35.0  36 to
    11 0.35  8  36 41.0  45 complain
  1814 0.95  5  45 48.5  51 about
 69974 0.45  3  51 53.5  55 the
  1635 0.05  3  55 57.5  59 new
   201 0.35  3  59 61.5  63 tax
   299 0.50  4  63 66.0  68 law.
 Sentence  6
 69974 0.00  3   0  2.5   4 The
    19 0.00  9   4  9.5  14 policeman
   102 0.00  8  14 19.0  23 demanded
 26155 0.20  2  23 25.0  26 to
   772 0.70  3  26 28.5  30 see
     4 0.00  5  30 33.5  36 Jim's
    36 0.65  7  36 40.5  44 license *
 28850 0.65  3  44 46.5  48 and
    23 1.00 13  48 55.5  62 registration.
 Sentence  7
 23127 0.00  1   0  1.5   2 A
    11 0.00  6   2  6.0   9 strict
     1 0.00 11   9 15.5  21 vegetarian,
     1 0.00  8  21 26.0  30 Jennifer
   485 0.10  4  30 33.0  35 does
  4868 0.95  3  35 37.5  39 not
    61 0.95  3  39 41.5  43 eat
    37 0.00  7  43 47.5  51 chicken *
  4204 0.95  2  51 53.0  54 or
    31 0.25  5  54 57.5  60 beef.
 Sentence  8
     1 0.00  7   0  4.5   8 Nancy's
    90 0.00  7   8 12.5  16 kitchen *
  9816 0.40  3  16 18.5  20 was
     1 0.00  8  20 25.0  29 infested
  7289 1.00  4  29 32.0  34 with
     6 0.00  9  34 39.5  44 carpenter
     1 0.90  4  44 47.0  49 ants
 28850 0.80  3  49 51.5  53 and
     1 0.25  8  53 58.0  62 roaches.
 Sentence  9
 69974 0.00  3   0  2.5   4 The
     8 0.00  9   4  9.5  14 hurricane
    39 0.15  9  14 19.5  24 destroyed
    83 0.00  6  24 28.0  31 houses
 21335 0.05  2  31 33.0  34 in
 69974 0.60  3  34 36.5  38 the
    72 0.00  7  38 42.5  46 village *
 28850 0.60  3  46 48.5  50 and
   141 0.05  4  50 53.0  55 left
  1029 0.15  4  55 58.0  60 many
     1 0.25  9  60 65.5  70 homeless.
 Sentence 10
    15 0.00  3   0  2.5   4 Amy
   413 0.00  4   4  7.0   9 told
 69974 0.10  3   9 11.5  13 the
    80 0.15  7  13 17.5  21 teacher *
 10593 0.90  4  21 24.0  26 that
  3036 0.10  3  26 28.5  30 her
    76 0.10  3  30 32.5  34 dog
    16 0.75  3  34 36.5  38 ate
  3036 0.90  3  38 40.5  42 her
     1 0.95  8  42 47.0  51 homework
    62 0.10 11  51 57.5  63 assignment.
 Sentence 11
    13 0.00  2   0  2.0   3 Ed
  9816 0.10  3   3  5.5   7 was
    15 0.00  9   7 12.5  17 forbidden
 26155 0.90  2  17 19.0  20 to
    54 0.00  6  20 24.0  27 attend
   267 0.00  7  27 31.5  35 college *
    59 0.05  7  35 39.5  43 parties
   680 0.00  5  43 46.5  49 while
  9547 0.80  2  49 51.0  52 he
  9816 0.85  3  52 54.5  56 was
 21335 0.20  2  56 58.0  59 in
   498 0.20  4  59 62.0  64 high
   493 0.95  7  64 68.5  72 school.
 Sentence 12
     1 0.00  5   0  3.5   6 Sheri
 28850 0.00  3   6  8.5  10 and
  3036 0.25  3  10 12.5  14 her
   161 0.35  7  14 18.5  22 friends *
   508 0.45  4  22 25.0  27 went
 26155 0.95  2  27 29.0  30 to
    16 0.00  6  30 34.0  37 Hawaii
  9489 0.60  3  37 39.5  41 for
  2670 0.00  5  41 44.5  47 their
   134 0.00  6  47 51.0  54 summer
    47 1.00  9  54 59.5  64 vacation.
 Sentence 13
    83 0.00  4   0  3.0   5 Mark
   438 0.00  3   5  7.5   9 put
   834 0.00  3   9 11.5  13 too
   937 0.68  4  13 16.0  18 much
    22 0.00  4  18 21.0  23 soap
 21335 0.42  2  23 25.0  26 in
 69974 0.79  3  26 28.5  30 the
    44 0.26  7  30 34.5  38 washing
   103 0.89  8  38 43.0  47 machine, *
 69974 0.68  3  47 49.5  51 and
  8761 0.58  2  51 53.0  54 it
     2 0.69 11  54 60.5  66 overflowed.
 Sentence 14
 69974 0.00  3   0  2.5   4 The
     7 0.00  6   4  8.0  11 circus
    10 0.00  5  11 14.5  17 tents
  3286 0.70  4  17 20.0  22 were
    32 0.00  7  22 26.5  30 crowded
  7289 0.85  4  30 33.0  35 with
    58 0.10  8  35 40.0  44 animals, *
     2 0.35  7  44 48.5  52 clowns,
 28850 0.85  3  52 54.5  56 and
   355 0.20  9  56 61.5  66 children.
 Sentence 15
 69974 0.00  3   0  2.5   4 The
    57 0.00  4   4  7.0   9 bear
     1 0.00  6   9 13.0  16 chased
  1068 0.05  5  16 19.5  22 after
 69974 0.80  3  22 24.5  26 the
    66 0.00  6  26 30.0  33 forest *
     2 0.70  6  33 37.0  40 ranger
  2252 0.05  3  40 42.5  44 who
  9816 0.20  3  44 46.5  48 was
    71 0.00  8  48 53.0  57 carrying
    24 0.00  6  57 61.0  64 honey.
 Sentence 16
 69974 0.00  3   0  2.5   4 The
   351 0.00  4   4  7.0   9 best
   570 0.00  5   9 12.5  15 place
 10593 0.00  4  15 18.0  20 that
    37 0.05  6  20 24.0  27 serves
    78 0.15  6  27 31.0  34 coffee *
 28850 0.20  3  34 36.5  38 and
     1 0.00  7  38 42.5  46 muffins
 10109 0.80  2  46 48.0  49 is
     1 0.00  6  49 53.0  56 Dunkin
     1 1.00  7  56 60.5  64 Donuts.
 Sentence 17
   845 0.00  3   0  2.5   4 Mr.
    72 0.30  5   4  7.5  10 Jones
   398 0.00  5  10 13.5  16 asked
  6994 0.15  3  16 18.5  20 his
   165 0.05  3  20 22.5  24 son
 26155 0.50  2  24 26.0  27 to
   445 0.00  5  27 30.5  33 water
 69974 0.95  3  33 35.5  37 the
    59 0.30  6  37 41.0  44 plants *
 28850 0.50  3  44 46.5  48 and
     1 0.10  3  48 50.5  52 mow
 69974 1.00  3  52 54.5  56 the
    15 0.95  5  56 59.5  62 lawn.
 Sentence 18
 69974 0.00  3   0  2.5   4 The
     5 0.00  7   4  8.5  12 bride's
   216 0.10  6  12 16.0  19 mother *
    30 0.05  5  19 22.5  25 cried
   585 0.05  6  25 29.0  32 during
 69974 1.00  3  32 34.5  36 the
    32 0.45  7  36 40.5  44 wedding
    18 0.65  9  44 49.5  54 ceremony.
 Sentence 19
 69974 0.00  3   0  2.5   4 The
    36 0.00  5   4  7.5  10 drunk
    49 0.00  6  10 14.0  17 driver
   173 0.00  4  17 20.0  22 lost
   223 0.40  8  22 27.0  31 control,
    12 0.05  7  31 35.5  39 crashed
  1789 0.40  4  39 42.0  44 into
 23127 0.60  1  44 45.5  46 a
   244 0.00  6  46 50.0  53 street *
    94 0.60  4  53 56.0  58 sign
 28850 0.85  3  58 60.5  62 and
    86 0.70  5  62 65.5  68 died.
 Sentence 20
    87 0.00  4   0  3.0   5 Mary
  9816 0.15  3   5  7.5   9 was
 69974 0.05  3   9 11.5  13 the
  1748 0.30  4  13 16.0  18 only
     4 0.00  8  18 23.0  27 teenager
  2252 0.50  3  27 29.5  31 who
    36 0.00  8  31 36.0  40 attended
 69974 0.80  3  40 42.5  44 the
   143 0.00  6  44 48.0  51 square *
    90 0.85  5  51 54.5  57 dance
 21335 0.00  2  57 59.0  60 in
   212 0.00  5  60 63.5  66 town.
 Sentence 21
 69974 0.00  3   0  2.5   4 The
     1 0.00  7   4  8.5  12 burglar
    67 0.15  5  12 15.5  18 broke
 69974 0.15  3  18 20.5  22 the
   119 0.45  6  22 26.0  29 window *
 28850 0.35  3  29 31.5  33 and
    49 0.00  7  33 37.5  41 quietly
     6 0.05  7  41 45.5  49 sneaked
  1789 0.80  4  49 52.0  54 into
 69974 0.95  3  54 56.5  58 the
   591 0.85  6  58 62.0  65 house.
 Sentence 22
    11 0.00  5   0  3.5   6 Jimmy
  9816 0.00  3   6  8.5  10 was
   145 0.00  4  10 13.0  15 sent
 26155 0.80  2  15 17.0  18 to
 69974 0.45  3  18 20.5  22 the
     1 0.40 11  22 28.5  34 principal's
   255 1.00  6  34 38.0  41 office *
   883 0.30  7  41 45.5  49 because
  9547 0.90  2  49 51.0  52 he
     1 0.00  7  52 56.5  60 punched
    14 0.05  6  60 64.0  67 Sally.
 Sentence 23
  1159 0.00  4   0  3.0   5 Most
   239 0.00  3   5  7.5   9 job
    25 0.05 12   9 16.0  22 applications
    86 0.10  7  22 26.5  30 require
  5372 0.05  2  30 32.0  33 at
   343 0.75  5  33 36.5  39 least
  3297 0.30  3  39 41.5  43 one
   145 0.05  6  43 47.0  50 letter *
 36414 1.00  2  50 52.0  53 of
    24 0.55 15  53 61.5  69 recommendation.
 Sentence 24
 69974 0.00  3   0  2.5   4 The
     1 0.00  9   4  9.5  14 daredevil
  9816 0.10  3  14 16.5  18 was
    24 0.00  8  18 23.0  27 relieved
  2333 0.40  4  27 30.0  32 when
  6994 0.05  3  32 34.5  36 his
     1 0.15  9  36 41.5  46 parachute *
   191 0.05  7  46 50.5  54 finally
   131 1.00  7  54 58.5  62 opened.
 Sentence 25
  8761 0.00  2   0  2.0   3 It
 10109 0.00  2   3  5.0   6 is
  4868 0.00  3   6  8.5  10 not
    63 0.00  7  10 14.5  18 unusual
 26155 0.25  2  18 20.0  21 to
   772 0.20  3  21 23.5  25 see
  3727 0.65  2  25 27.0  28 an
     2 0.00  9  28 33.5  38 armadillo *
    55 0.05  5  38 41.5  44 cross
 23127 0.00  1  44 45.5  46 a
   195 0.55  4  46 49.0  51 road
 21335 0.70  2  51 53.0  54 in
    69 0.20  6  54 58.0  61 Texas.
 Sentence 26
     1 0.00  4   0  3.0   5 Erik
   426 0.00  4   5  8.0  10 took
  6995 0.15  3  10 12.5  14 his
    51 0.00  4  14 17.0  19 sick
     1 0.00  8  19 24.0  28 parakeet *
 26155 1.00  2  28 30.0  31 to
 69974 1.00  3  31 33.5  35 the
     2 0.90 12  35 42.0  48 veterinarian
  6740 0.00  2  48 50.0  51 on
    58 0.05  8  51 56.0  60 Tuesday.
 Sentence 27
    14 0.00  2   0  2.0   3 Al
    34 0.00  9   3  8.5  13 stretched
  1015 0.00  6  13 17.0  20 before
   123 0.00  7  20 24.5  28 running
 26155 0.20  2  28 30.0  31 to
    58 0.00  5  31 34.5  37 avoid
    25 0.15  7  37 41.5  45 pulling
 23127 0.60  1  45 46.5  47 a
     1 0.00  8  47 52.0  56 ligament *
  4204 0.60  2  56 58.0  59 or
    42 0.55  7  59 63.5  67 muscle.
 Sentence 28
 69974 0.00  3   0  2.5   4 The
     1 0.00  5   4  7.5  10 boxer
     5 0.00  6  10 14.0  17 flared
  6994 0.70  3  17 19.5  21 his
     3 0.85  8  21 26.0  30 nostrils *
  7251 0.05  2  30 32.0  33 as
  9547 0.75  2  33 35.0  36 he
    97 0.05  7  36 40.5  44 entered
 69974 1.00  3  44 46.5  48 the
     1 0.00  6  48 52.0  55 boxing
    47 0.95  5  55 58.5  61 ring.
 Sentence 29
    87 0.00  4   0  3.0   5 Mary
  9816 0.05  3   5  7.5   9 was
     3 0.00  8   9 14.0  18 thrilled
 26155 0.35  2  18 20.0  21 to
    76 0.00  7  21 25.5  29 receive
 23127 0.35  1  29 30.5  31 a
     1 0.00  7  31 35.5  39 trinket *
  4371 0.75  4  39 42.0  44 from
  3036 0.70  3  44 46.5  48 her
     1 0.50 10  48 54.0  59 boyfriend.
 Sentence 30
   104 0.00  7   0  4.5   8 Covered
  7289 0.55  4   8 11.0  13 with
     2 0.00  8  13 18.0  22 maggots, *
 69974 0.90  3  22 24.5  26 the
    10 0.00  3  26 28.5  30 rag
  9816 0.55  3  30 32.5  34 was
    75 0.00  7  34 38.5  42 removed
  4371 0.90  4  42 45.0  47 from
 69974 1.00  3  47 49.5  51 the
     1 0.00  6  51 55.0  58 smelly
     1 0.00  4  58 61.0  63 dorm
   384 1.00  5  63 66.5  69 room.
 Sentence 31
     1 0.00  9   0  5.5  10 Propelled
  4371 0.00  4  10 13.0  15 from
 23127 0.15  1  15 16.5  17 a
    26 0.00 10  17 23.0  28 submarine,
 69974 0.75  3  28 30.5  32 the
     1 0.30  7  32 36.5  40 torpedo *
    59 0.05  6  40 44.0  47 struck
 69974 0.80  3  47 49.5  51 the
     1 0.00 11  51 57.5  63 battleship.
 Sentence 32
    52 0.00  6   0  4.0   7 Alfred
   119 0.00  6   7 11.0  14 served
     8 0.00  5  14 17.5  20 baked
     1 0.00  7  20 24.5  28 haddock *
 28850 0.40  3  28 30.5  32 and
     1 0.05  9  32 37.5  42 asparagus
 26155 0.30  2  42 44.0  45 to
  6994 0.50  3  45 47.5  49 his
     1 0.25 11  49 55.5  61 girlfriend.
 Sentence 33
 69974 0.00  3   0  2.5   4 The
    31 0.00  6   4  8.0  11 dancer
     8 0.00  9  11 16.5  21 resembled
 23127 0.80  1  21 22.5  23 a
     1 0.00  7  23 27.5  31 gazelle *
  7251 0.15  2  31 33.0  34 as
  9547 0.05  2  34 36.0  37 he
    20 0.25  6  37 41.0  44 leaped
   282 0.25  6  44 48.0  51 across
 69974 1.00  3  51 53.5  55 the
   175 0.60  6  55 59.0  62 stage.
 Sentence 34
 69974 0.00  3   0  2.5   4 The
   831 0.00  6   4  8.0  11 little
   220 0.20  4  11 14.0  16 girl
  5134 0.00  3  16 18.5  20 had
     1 0.00  7  20 24.5  28 dimples
 21335 0.20  2  28 30.0  31 in
  3036 0.90  3  31 33.5  35 her
    25 0.10  4  35 38.0  40 chin
 28850 0.95  3  40 42.5  44 and
 23127 0.15  1  44 45.5  46 a
     1 0.10  7  46 50.5  54 freckle *
  6740 0.95  2  54 56.0  57 on
  3036 1.00  3  57 59.5  61 her
    60 0.85  5  61 64.5  67 nose.
 Sentence 35
 69974 0.00  3   0  2.5   4 The
    61 0.00  5   4  7.5  10 beach
  9816 0.60  3  10 12.5  14 was
   104 0.10  7  14 18.5  22 covered
  7289 0.90  4  22 25.0  27 with
     3 0.00  8  27 32.0  36 pebbles, *
    93 0.00  3  36 38.5  40 sea
    15 0.60  7  40 44.5  48 shells,
 28850 0.95  3  48 50.5  52 and
     1 0.00  9  52 57.5  62 starfish.
 Sentence 36
 69974 0.00  3   0  2.5   4 The
   213 0.00  5   4  7.5  10 child
  5134 0.05  3  10 12.5  14 had
 23127 0.50  1  14 15.5  16 a
     9 0.00  9  16 21.5  26 nightmare
  1814 0.45  5  26 29.5  32 about
   681 0.00  5  32 35.5  38 being
     1 0.25  6  38 42.0  45 chased
  5305 0.90  2  45 47.0  48 by
     1 0.00  7  48 52.5  56 hornets *
 28850 0.85  3  56 58.5  60 and
     1 0.15  6  60 64.0  67 wasps.
 Sentence 37
     1 0.00  4   0  3.0   5 Biff
     4 0.00  4   5  8.0  10 dove
  1789 0.55  4  10 13.0  15 into
 69974 1.00  3  15 17.5  19 the
   445 0.35  5  19 22.5  25 water
 28850 0.55  3  25 27.5  29 and
    10 0.00  9  29 34.5  39 retrieved
 23127 0.15  1  39 40.5  41 a
     1 0.00  7  41 45.5  49 scallop *
  4371 0.25  4  49 52.0  54 from
 69974 0.85  3  54 56.5  58 the
    34 0.00  5  58 61.5  64 ocean
   158 0.85  6  64 68.0  71 floor.
 Sentence 38
 69974 0.00  3   0  2.5   4 The
   831 0.00  6   4  8.0  11 little
   220 0.20  4  11 14.0  16 girl
    78 0.00  6  16 20.0  23 picked
  3001 0.00  3  23 25.5  27 all
 36414 0.25  2  27 29.0  30 of
 69974 0.95  3  30 32.5  34 the
     1 0.00  7  34 38.5  42 cashews *
  2096 0.75  3  42 44.5  46 out
 36414 1.00  2  46 48.0  49 of
 69974 1.00  3  49 51.5  53 the
    31 0.00  5  53 56.5  59 trail
    13 0.85  4  59 62.0  64 mix.
 Sentence 39
 69974 0.00  3   0  2.5   4 The
     9 0.00  7   4  8.5  12 athlete
    67 0.00  5  12 15.5  18 broke
  6994 0.70  3  18 20.5  22 his
     1 0.00  6  22 26.0  29 pelvis *
 28850 0.05  3  29 31.5  33 and
  1601 0.10  5  33 36.5  39 could
  4868 0.90  3  39 41.5  43 not
    22 0.00 11  43 49.5  55 participate
 21335 0.95  2  55 57.0  58 in
 69974 0.85  3  58 60.5  62 the
   103 0.15  5  62 65.5  68 race.
 Sentence 40
 69974 0.00  3   0  2.5   4 The
   123 0.00  4   4  7.0   9 game
   288 0.00  4   9 12.0  14 show
     1 0.00 10  14 20.0  25 contestant
    68 0.40  3  25 27.5  29 won
 23127 0.60  1  29 30.5  31 a
     1 0.00  6  31 35.0  38 quartz *
    81 0.95  5  38 41.5  44 watch
 28850 0.80  3  44 46.5  48 and
 23127 0.75  1  48 49.5  50 a
    51 0.05 10  50 56.0  61 television
   414 1.00  4  61 64.0  66 set.
 Sentence 41
 69974 0.00  3   0  2.5   4 The
     8 0.00  8   4  9.0  13 careless
     1 0.00  7  13 17.5  21 mailman
    37 0.00  9  21 26.5  31 delivered
 69974 0.95  3  31 33.5  35 the
     1 0.00  6  35 39.0  42 parcel *
 26155 0.90  2  42 44.0  45 to
 69974 1.00  3  45 47.5  49 the
   129 0.95  5  49 52.5  55 wrong
   591 0.50  6  55 59.0  62 house.
 Sentence 42
  1068 0.00  5   0  3.5   6 After
    34 0.00  9   6 11.5  16 receiving
   265 0.00  6  16 20.0  23 money,
 69974 0.25  3  23 25.5  27 the
     2 0.00  6  27 31.0  34 beggar *
    56 0.10  6  34 38.0  41 bought
    12 0.05 10  41 47.0  52 cigarettes
 28850 0.80  3  52 54.5  56 and
 23127 0.00  1  56 57.5  58 a
   362 0.00  4  58 61.0  63 case
 36414 1.00  2  63 65.0  66 of
    35 0.95  5  66 69.5  72 beer.
 Sentence 43
  5372 0.00  2   0  2.0   3 At
 69974 0.60  3   3  5.5   7 the
   131 0.00  7   7 11.5  15 science
   216 0.00  6  15 19.0  22 party,
   847 0.00  6  22 26.0  29 people
  3286 0.45  4  29 32.0  34 were
    36 0.05  7  34 38.5  42 dressed
  7251 0.20  2  42 44.0  45 as
     3 0.05  6  45 49.0  52 robots *
 28850 0.80  3  52 54.5  56 and
     5 0.30 10  56 62.0  67 computers.
 Sentence 44
 69974 0.00  3   0  2.5   4 The
     6 0.00  8   4  9.0  13 stunning
     6 0.05  7  13 17.5  21 actress
    65 0.00  4  21 24.0  26 wore
 23127 0.10  1  26 27.5  28 a
   203 0.05  5  28 31.5  34 black
     1 0.00  6  34 38.0  41 sequin *
    67 0.70  5  41 44.5  47 dress
 26155 0.25  2  47 49.0  50 to
 69974 1.00  3  50 52.5  54 the
    46 0.20  5  54 57.5  60 award
    18 0.60  9  60 65.5  70 ceremony.
 Sentence 45
  2333 0.00  4   0  3.0   5 When
 69974 0.25  3   5  7.5   9 the
  1207 0.05  3   9 11.5  13 man
   134 0.00  3  13 15.5  17 ran
 21335 0.00  2  17 19.0  20 in
 69974 0.65  3  20 22.5  24 the
     7 0.00  9  24 29.5  34 blizzard,
  3727 0.00  2  34 36.0  37 an
     1 0.05  6  37 41.0  44 icicle *
    76 0.05  6  44 48.0  51 formed
  6740 0.90  2  51 53.0  54 on
  6994 0.85  3  54 56.5  58 his
    26 0.10  6  58 62.0  65 beard.
 Sentence 46
 69974 0.00  3   0  2.5   4 The
     6 0.00  6   4  8.0  11 clumsy
    36 0.00  9  11 16.5  21 assistant
   101 0.45  7  21 25.5  29 dropped
 23127 0.10  1  29 30.5  31 a
     2 0.15  7  31 35.5  39 beaker, *
 28850 0.50  3  39 41.5  43 and
  8761 0.15  2  43 45.0  46 it
    13 0.05  9  46 51.5  56 shattered
  6740 0.40  2  56 58.0  59 on
 69974 0.95  3  59 61.5  63 the
   158 0.90  6  63 67.0  70 floor.
 Sentence 47
  2333 0.00  4   0  3.0   5 When
     2 0.00  4   5  8.0  10 Al's
     1 0.00  6  10 14.0  17 retina *
   246 0.05  6  17 21.0  24 became
     1 0.20  8  24 29.0  33 inflamed
 28850 0.10  3  33 35.5  37 and
    10 0.05  5  37 40.5  43 sore,
  9547 1.00  2  43 45.0  46 he
    41 0.00  7  46 50.5  54 visited
 69974 0.85  3  54 56.5  58 the
   122 0.10  3  58 60.5  62 eye
   100 0.90  7  62 66.5  70 doctor.
